51
21
12
37
49
50
13
15
5
47
51
24
23
49
42
22
51
11
7
7
33
25
39
42
6
22
15
38
4
26
0
53
44
10
15
10
10
8
15
8
39
18
15
17
10
16
8
29
16
35
14
22
35
22
7
14
10
12
8
10
24
26
18
17
11
17
9
13
6
27
14
0
22
25
30
11
16
15
7
14
14
16
31
12
17
29
14
4
7
16
25
17
16
6
29
34
42
12
22
41
24
5
17
6
10
26
20
33
24
12
12
13
33
34
23
7
26
14
26
6
14
16
15
20
19
46
10
14
5
34
30
22
49
17
7
46
23
21
20
22
16
9
28
10
25
28
12
13
34
10
12
11
33
18
10
16
20
19
9
13
19
13
36
19
10
14
8
5
11
7
13
17
14
4
15
10
9
33
40
8
7
19
10
53
27
6
6
11
41
6
41
6
25
13
14
16
14
10
15
12
10
18
7
7
14
7
11
16
10
8
9
30
0
30
39
40
12
10
25
60
11
38
38
40
31
18
49
20
3
32
14
24
33
52
30
48
16
5
47
3
51
40
0
53
51
51
55
10
35
52
43
45
43
54
47
53
43
45
48
30
47
15
56
36
51
38
51
54
47
12
47
52
44
62
47
30
0
